[[0.]
 [0.]
 [0.]
 ...
 [0.]
 [0.]
 [0.]]
[[0.]
 [0.]
 [0.]
 ...
 [0.]
 [0.]
 [0.]]
[[0.]
 [0.]
 [0.]
 ...
 [0.]
 [0.]
 [0.]]
[[0.]
 [0.]
 [0.]
 ...
 [0.]
 [0.]
 [0.]]
[[0.]
 [0.]
 [0.]
 ...
 [0.]
 [0.]
 [0.]]
[[0.]
 [0.]
 [0.]
 ...
 [0.]
 [0.]
 [0.]]
[[0.]
 [0.]
 [0.]
 ...
 [0.]
 [0.]
 [0.]]
[[0.]
 [0.]
 [0.]
 ...
 [0.]
 [0.]
 [0.]]
[[0.]
 [0.]
 [0.]
 ...
 [0.]
 [0.]
 [0.]]
[[0.]
 [0.]
 [0.]
 ...
 [0.]
 [0.]
 [0.]]
[[0.]
 [0.]
 [0.]
 ...
 [0.]
 [0.]
 [0.]]
[[0.]
 [0.]
 [0.]
 ...
 [0.]
 [0.]
 [0.]]
[[0.49659637]
 [0.15797615]
 [0.12584186]
 ...
 [0.3060235 ]
 [0.1630753 ]
 [0.20546967]]
[[1.]
 [0.]
 [0.]
 ...
 [0.]
 [0.]
 [0.]]
[[0.2756542 ]
 [0.17202294]
 [0.19054484]
 ...
 [0.23269486]
 [0.2320095 ]
 [0.27427608]]
[[0.]
 [0.]
 [0.]
 ...
 [0.]
 [0.]
 [0.]]
[[0.]
 [0.]
 [0.]
 ...
 [0.]
 [0.]
 [0.]]
[[0.]
 [0.]
 [0.]
 ...
 [0.]
 [0.]
 [0.]]
[[0.]
 [0.]
 [0.]
 ...
 [0.]
 [0.]
 [0.]]
[[0.]
 [0.]
 [0.]
 ...
 [0.]
 [0.]
 [0.]]
[[0.]
 [0.]
 [0.]
 ...
 [0.]
 [0.]
 [0.]]
[[0.]
 [0.]
 [0.]
 ...
 [0.]
 [0.]
 [0.]]
[[0.]
 [0.]
 [0.]
 ...
 [0.]
 [0.]
 [0.]]
[[0.]
 [0.]
 [0.]
 ...
 [0.]
 [0.]
 [0.]]
